0.06631
0.03507
0.01628
0.01105
0.00426
0.00239
-0.00268
-0.01836
-0.0149
0.01413
-0.01058
0.01669
0.11676
0.11498
-0.00292
-0.16718
-0.12282
-0.0328
-0.12029
-0.06913
0.06389
0.0231
-0.05904
0.09685
0.32806
0.23401
-0.15683
-0.15219
0.08594
0.03664
-0.15019
-0.12219
0.02795
-0.00868
-0.23312
-0.22668
-0.03011
0.1452
0.30337
0.39065
0.3679
0.1263
-0.17251
-0.14937
0.21762
0.06732
-0.37137
-0.48789
-0.23042
0.09566
0.06434
-0.11687
-0.13133
0.01484
0.17164
0.31773
0.50788
0.56771
0.39988
0.08471
-0.17859
-0.31123
-0.19605
-0.24157
-0.32509
-0.02944
0.30007
0.34488
0.14554
0.17979
0.34052
0.26806
-0.03467
-0.12177
-0.0112
-0.09885
-0.11577
0.20501
0.35997
0.06747
0.03131
0.28972
0.30817
0.0591
0.00192
0.21992
0.24779
0.06046
-0.21194
-0.16333
-0.09682
-0.30831
-0.46281
0.24774
0.55871
0.27659
0.25448
0.00806
-0.15054
-0.25989
-0.18055
0.15471
0.42646
0.01175
-0.31603
-0.197
0.41819
0.33823
-0.23018
-0.0071
0.58469
0.28386
-0.19721
-0.0967
0.24702
0.33988
-0.25627
-0.25844
-0.10466
-0.17184
-0.02566
0.15854
0.32333
0.31102
0.21012
0.28228
0.50301
0.12622
-0.55401
-0.38923
0.12643
0.29613
0.20582
0.0535
-0.14359
-0.21573
-0.34748
-0.48361
-0.56144
-0.15885
0.29617
0.62503
0.61005
0.33362
0.20347
0.07701
0.10663
0.08118
-0.10295
-0.18686
-0.03667
-0.14729
-0.23832
-0.17179
-0.1781
-0.20604
-0.33637
-0.63799
-0.70541
-0.71257
-0.8642
-1.11259
-1.49117
-1.76432
-1.954
-2.05543
-1.94262
-1.65674
-1.14914
-0.51642
0.14999
0.6397
0.75111
0.78128
0.8639
1.10699
1.34045
1.5154
1.54017
1.3662
0.94194
0.23983
-0.49854
-1.41404
-2.45879
-3.19399
-2.59345
-1.77312
-1.64663
-1.76006
-2.04756
-2.24208
-2.37658
-2.51012
-2.62776
-2.71101
-2.00768
0.57735
2.37388
2.5018
2.19397
2.41161
3.64465
5.22455
5.92639
5.30561
3.87353
2.57495
1.95322
0.36985
-0.31164
-0.87099
-1.60401
-1.60738
-1.4694
-1.31187
-1.22258
0.01576
1.07674
1.26812
1.14541
1.55548
2.5364
2.95395
2.2107
1.06817
0.14893
-1.05565
-1.6817
-1.88051
-1.97387
-1.77969
-1.47465
-0.92114
-0.65983
0.13269
1.13466
1.22523
0.82688
0.21892
-0.15222
0.09398
0.75679
1.05576
1.00364
0.92705
1.03684
1.21915
1.1813
1.04211
0.9281
1.25016
2.08272
3.19066
3.43108
1.88524
0.31456
-0.74293
-1.21512
-1.14386
-0.87929
-0.83921
-0.97082
-0.73189
-0.51019
-0.58499
-0.74379
-0.79314
-0.78996
-0.69738
-0.61937
-0.53481
-0.62716
-1.15771
-1.73413
-1.96697
-2.13409
-2.04258
-0.8642
0.11763
0.34407
0.33554
0.10266
-0.22609
-0.69772
-0.83993
-0.64863
-0.0934
0.14391
0.0859
-0.3385
-0.9335
-1.1848
-1.25363
-1.09392
-0.77453
-0.40444
-0.23334
-0.23274
-0.16422
0.08492
0.2075
0.08536
-0.18186
-0.46961
-0.7595
-1.0298
-1.24318
-1.40198
-1.38212
-1.15221
-0.99537
-1.00088
-1.46983
-2.10587
-2.45826
-2.70141
-2.83844
-2.92593
-2.85135
-2.73764
-2.34439
-1.46178
-0.52684
0.28303
0.99574
1.65351
2.03626
2.31317
2.65072
3.2497
3.83159
4.07198
4.01323
3.44396
2.89029
2.70463
2.64361
2.34916
1.99091
1.95612
2.49059
3.07808
2.91271
1.81198
0.51682
-0.26918
-0.56998
-0.61628
-0.46141
-0.09431
0.16821
0.15442
-0.21986
-0.61879
-0.75936
-0.69944
-0.34505
0.21057
0.58035
0.6691
0.4837
0.11697
-0.16879
-0.32755
-0.55714
-0.84084
-1.03067
-1.01301
-0.84217
-0.30177
0.48332
0.865
1.02673
0.9339
0.6567
0.3059
-0.24429
-0.82942
-1.31043
-1.64972
-1.88538
-2.13553
-2.28202
-2.41988
-2.17195
-1.00152
0.18533
0.77551
0.86274
0.40527
-0.40596
-0.88293
-0.97396
-0.81402
-0.24911
0.23556
0.32266
0.25409
0.12892
0.07433
0.11098
0.19958
0.37354
0.58334
0.65644
0.58458
-0.05703
-1.06134
-1.64682
-1.90848
-1.94339
-1.84484
-1.70491
-1.55539
-1.24959
-0.66614
-0.07617
0.38709
0.71243
0.88355
0.95837
1.04996
1.10326
0.95167
0.69473
0.5958
0.70973
0.87223
1.05349
1.20794
1.34818
1.57993
1.78708
1.84526
1.55867
1.11171
0.73722
0.39677
0.15792
-0.05619
-0.07166
0.14434
0.33735
0.37623
0.27086
0.10774
-0.13177
-0.45419
-0.80424
-1.08821
-1.32197
-1.43777
-1.33292
-0.93688
-0.17634
0.61016
1.00168
1.2168
1.45655
1.65761
1.72114
1.60597
1.32685
0.93041
0.44138
-0.18689
-0.5732
-0.71721
-0.73808
-0.72536
-0.77302
-0.87235
-0.96663
-0.89461
-0.7049
-0.60096
-0.61262
-0.64301
-0.70576
-0.7839
-0.77269
-0.56662
-0.19798
0.16526
0.41795
0.48709
0.33274
0.07921
-0.0337
0.07442
0.1298
0.02394
-0.16398
-0.29278
-0.3049
-0.21874
-0.10216
-0.05083
-0.12053
-0.23855
-0.35965
-0.53583
-0.67776
-0.74873
-0.71776
-0.5692
-0.27742
0.05587
0.36743
0.68662
0.93249
1.01775
0.93464
0.78765
0.64789
0.54647
0.37828
0.07699
-0.20255
-0.23787
-0.1142
-0.03311
-0.00038
0.03549
0.04718
-0.06515
-0.23807
-0.37818
-0.50611
-0.65949
-0.82923
-0.97283
-1.10416
-1.13412
-0.97492
-0.74731
-0.48095
-0.19411
0.08058
0.30059
0.3999
0.27175
-0.12085
-0.4736
-0.66148
-0.76433
-0.69868
-0.48337
-0.1882
0.13105
0.33744
0.44569
0.46268
0.41195
0.46303
0.59866
0.70583
0.74544
0.66786
0.57925
0.50306
0.37321
-0.02527
-0.41297
-0.48784
-0.10411
0.48026
0.71615
0.73004
0.61029
0.46098
0.26979
0.09119
-0.04685
-0.08703
-0.1043
-0.13602
-0.07481
0.01471
0.09603
0.14239
0.17818
0.21137
0.32461
0.55226
0.80286
0.94228
0.92178
0.63367
0.08333
-0.33141
-0.53647
-0.63831
-0.61064
-0.51798
-0.42406
-0.30351
-0.13411
0.04422
0.20774
0.33459
0.37094
0.28165
0.17473
0.11476
0.07604
0.05453
0.02293
-0.0584
-0.14676
-0.16569
-0.17083
-0.14391
-0.03513
0.10774
0.13784
0.03025
-0.11713
-0.24086
-0.21727
-0.11227
-0.01234
0.0668
0.13678
0.16722
0.13888
0.06899
-0.005
-0.03254
0.00236
0.04495
0.09882
0.17492
0.20481
0.24386
0.26395
0.28379
0.29027
0.24305
0.18104
0.10808
-0.01352
-0.17203
-0.30768
-0.4029
-0.38893
-0.28943
-0.23072
-0.21149
-0.17834
-0.14884
-0.12047
-0.03917
0.0052
-0.00738
-0.02622
-0.00059
0.05807
0.05645
0.00183
-0.03008
0.02704
0.09785
0.0956
0.0229
-0.04043
-0.09169
-0.13885
-0.20152
-0.28421
-0.37281
-0.45875
-0.52963
-0.56927
-0.55294
-0.44673
-0.2507
-0.05901
0.06364
0.07895
0.05652
0.01738
-0.00149
-0.01526
-0.02528
-0.02205
-0.02252
-0.04182
-0.07775
-0.07935
-0.06243
-0.02815
0.01425
0.07422
0.08461
0.04369
0.00606
0.02364
0.08336
0.12784
0.16074
0.10495
-0.00998
-0.11129
-0.0906
0.04442
0.19164
0.24206
0.14575
0.03102
-0.05494
-0.10561
-0.16586
-0.2174
-0.20896
-0.13931
-0.08571
-0.08126
-0.10583
-0.08235
0.01271
0.10161
0.19944
0.2764
0.33363
0.35554
0.32862
0.24566
0.11724
0.02455
0.03078
0.11385
0.15184
0.15126
0.17608
0.23386
0.29531
0.32646
0.32309
0.32918
0.29184
0.17574
0.0078
-0.15997
-0.21936
-0.22169
-0.22226
-0.24645
-0.33261
-0.43153
-0.4882
-0.448
-0.28386
-0.09394
0.06504
0.12494
0.09157
0.02535
-0.07252
-0.19079
-0.31982
-0.382
-0.34175
-0.25268
-0.19945
-0.19366
-0.2258
-0.26824
-0.28121
-0.25884
-0.20359
-0.12924
-0.02423
0.08928
0.19514
0.27115
0.31694
0.31484
0.25028
0.17006
0.10062
0.01911
-0.03846
-0.09493
-0.15415
-0.17369
-0.13856
-0.06312
-0.00484
0.02938
0.04902
0.07069
0.05327
0.01032
-0.02012
0.01333
0.10834
0.23032
0.35954
0.47122
0.52994
0.4942
0.40585
0.30536
0.2211
0.11978
-0.01962
-0.13413
-0.16038
-0.12222
-0.10317
-0.08719
-0.06688
-0.06398
-0.07935
-0.05656
0.03352
0.12597
0.16007
0.10717
0.02764
-0.00593
0.00303
0.02494
0.09708
0.19609
0.25458
0.27675
0.25839
0.20358
0.1012
-0.05264
-0.19046
-0.27029
-0.33042
-0.39722
-0.41835
-0.32211
-0.14059
0.06986
0.25292
0.38371
0.4277
0.36878
0.2353
0.07662
-0.05059
-0.13488
-0.16487
-0.1494
-0.09203
-0.03309
0.01655
0.05429
0.07765
0.05685
0.00745
-0.0117
-0.01237
-0.01404
-0.01678
-0.03964
-0.02309
0.03244
0.11513
0.21111
0.25368
0.25046
0.1741
0.06368
-0.01646
-0.0734
-0.1028
-0.1015
-0.06948
-0.04024
-0.07153
-0.09665
-0.11893
-0.11306
-0.10151
-0.07873
-0.02632
0.01068
0.0414
0.04048
0.04296
0.03088
-0.03281
-0.13397
-0.23568
-0.30573
-0.33965
-0.30851
-0.2042
-0.08308
0.02796
0.08327
0.05628
-0.01019
-0.07096
-0.12021
-0.11991
-0.06164
0.02227
0.09423
0.13179
0.1758
0.18362
0.15192
0.15148
0.17928
0.19988
0.14944
0.03461
-0.10766
-0.23334
-0.2873
-0.27077
-0.23076
-0.19565
-0.18787
-0.1554
-0.07832
0.01235
0.1253
0.22805
0.32365
0.35257
0.27817
0.12522
-0.007
-0.05602
-0.09119
-0.12987
-0.14734
-0.09056
0.02447
0.1192
0.12029
0.04033
-0.04157
-0.06989
-0.04695
0.0079
0.05812
0.05934
-0.01381
-0.10771
-0.13297
-0.07609
0.01609
0.0695
0.074
0.0623
0.03782
-0.00536
-0.05901
-0.09097
-0.09828
-0.09083
-0.06926
-0.06416
-0.09407
-0.12147
-0.09143
-0.04784
0.00753
0.01383
-0.00764
-0.00961
-0.00788
0.01409
0.01783
0.01417
-0.03197
-0.10752
-0.17665
-0.20416
-0.13781
0.00112
0.14079
0.24855
0.30105
0.30672
0.26108
0.22642
0.24925
0.24852
0.22117
0.17529
0.11474
0.07799
0.05826
0.03998
0.01669
-0.00398
-0.00813
-0.03379
-0.02897
0.00883
0.05106
0.09625
0.12662
0.14202
0.13738
0.15499
0.17067
0.13705
0.0635
-0.02554
-0.09007
-0.0809
-0.0051
0.06183
0.08611
0.05556
-0.00432
-0.05992
-0.10212
-0.11487
-0.10119
-0.06592
-0.00766
0.0471
0.06483
0.03604
-0.0202
-0.05083
-0.03162
-0.00808
-0.01896
-0.04476
-0.10337
-0.16911
-0.21316
-0.2517
-0.2834
-0.27538
-0.23392
-0.17858
-0.14644
-0.14285
-0.14734
-0.15435
-0.13264
-0.09207
-0.06178
-0.09884
-0.16112
-0.17533
-0.10791
0.00064
0.07073
0.05818
-0.02195
-0.13592
-0.2031
-0.16533
-0.09031
-0.0153
0.05368
0.0962
0.10485
0.07967
0.06002
0.05482
0.07745
0.1397
0.19275
0.20349
0.18622
0.16044
0.12379
0.09389
0.09161
0.08743
0.06725
0.04916
-0.00051
-0.06133
-0.10525
-0.11453
-0.11329
-0.10636
-0.06953
-0.01298
0.03277
0.05452
0.054
0.04122
0.04316
0.03065
0.0079
-0.05101
-0.14959
-0.18702
-0.1541
-0.1118
-0.06644
-0.05169
-0.08754
-0.10216
-0.07961
-0.05154
-0.07571
-0.15521
-0.18153
-0.18318
-0.1783
-0.15005
-0.11441
-0.08546
-0.10076
-0.15259
-0.1794
-0.16756
-0.18171
-0.18088
-0.15521
-0.10192
-0.0377
0.02338
0.05453
0.10616
0.17386
0.21217
0.22244
0.19856
0.16516
0.13906
0.14269
0.16358
0.18409
0.22545
0.28826
0.2971
0.21548
0.15936
0.11937
0.0382
-0.06632
-0.10167
-0.08543
-0.03495
0.05116
0.12373
0.17098
0.1411
0.1064
0.0758
0.1095
0.16657
0.19119
0.20304
0.19024
0.17681
0.18128
0.18393
0.16679
0.12039
0.02611
-0.07032
-0.14528
-0.15262
-0.09901
-0.0774
-0.07209
-0.08789
-0.09642
-0.11185
-0.10151
-0.06734
-0.04901
-0.02558
-0.0195
-0.02915
-0.01084
-0.0126
-0.03852
-0.05204
-0.07952
-0.05563
-0.03727
0.01722
0.09927
0.14754
0.13214
0.08315
0.0175
-0.02948
-0.06181
-0.12429
-0.19446
-0.25854
-0.16961
0.00978
0.17831
0.12798
-0.07437
-0.28817
-0.303
-0.14236
-0.01943
0.0955
0.13682
0.14023
0.11944
0.0732
0.0188
0.04014
0.08678
0.12808
0.12217
0.09763
0.06075
0.01928
0.03065
0.02607
0.03498
0.05002
0.04897
-0.00666
-0.05863
-0.0915
-0.1609
-0.22152
-0.24069
-0.18357
-0.10864
-0.07637
-0.07035
-0.04904
-0.01682
0.01429
0.02779
0.04168
0.03703
0.02859
0.04664
0.06881
0.10045
0.15386
0.17653
0.13287
0.11329
0.12173
0.12123
0.06166
-0.00923
-0.05078
-0.03867
0.00989
0.04511
0.04894
0.04769
0.04438
0.02595
-0.0054
-0.01867
-0.01948
-0.03666
-0.00844
0.03536
0.07726
0.07359
0.02406
-0.02264
-0.08905
-0.17175
-0.24634
-0.29749
-0.23901
-0.1614
-0.11153
-0.09335
-0.10016
-0.05229
0.01353
0.06738
0.07659
0.05545
0.04879
0.03445
0.06681
0.09715
0.0818
0.06918
0.07825
0.10685
0.14416
0.15178
0.10802
0.06839
0.01841
-0.03254
-0.07949
-0.12241
-0.14849
-0.12192
-0.05788
0.0007
0.03572
0.02411
-0.03938
-0.08536
-0.11196
-0.10612
-0.09554
-0.06799
-0.02243
-0.01633
-0.03886
-0.07029
-0.07216
-0.04383
0.00652
0.05789
0.08615
0.0593
0.04343
0.08142
0.15308
0.20464
0.2435
0.25053
0.22791
0.20364
0.16018
0.10587
0.05022
0.03616
0.03774
-0.03258
-0.13188
-0.18545
-0.23069
-0.22916
-0.18273
-0.12755
-0.06753
-0.0269
-0.0399
-0.08832
-0.12002
-0.12141
-0.10267
-0.08929
-0.07055
-0.04616
-0.03484
-0.01732
0.01221
0.01977
0.02448
0.02718
0.0081
0.02465
0.05102
0.07953
0.085
0.07578
0.07431
0.09245
0.11733
0.12136
0.12712
0.13762
0.14959
0.11661
0.07424
0.02709
-0.02083
-0.03867
-0.02367
0.0064
0.02721
0.05258
0.04719
0.00777
-0.04681
-0.06965
-0.08655
-0.09676
-0.09122
-0.09492
-0.09109
-0.0988
-0.0784
-0.03533
0.00411
0.01812
0.00342
-0.01018
-0.01928
-0.04512
-0.06984
-0.11392
-0.1291
-0.10592
-0.10586
-0.08744
-0.05087
-0.0165
0.02978
0.06837
0.10521
0.14755
0.14261
0.12575
0.10587
0.07924
0.06669
0.05837
0.07249
0.09682
0.12239
0.12475
0.10738
0.0743
0.0569
0.05091
0.05867
0.09192
0.14218
0.13109
0.09267
0.05405
0.02237
0.02146
-0.00839
-0.01895
-0.01896
-0.03417
-0.06979
-0.08319
-0.07827
-0.0814
-0.06283
-0.02092
0.00627
0.01761
0.01344
0.00998
0.01961
0.02284
-0.00287
-0.01831
-0.02122
-0.0417
-0.0711
-0.09268
-0.07277
-0.05679
-0.04592
-0.04822
-0.05307
-0.05526
-0.0614
-0.06047
-0.04659
-0.02863
-0.01797
-0.01085
-0.02368
-0.03167
-0.02733
-0.03566
-0.04467
-0.06966
-0.07812
-0.07937
-0.08186
-0.08489
-0.10402
-0.09895
-0.10788
-0.08452
-0.08032
-0.07641
-0.09028
-0.10692
-0.08308
-0.07951
-0.04282
-0.02033
-0.00925
-0.0057
0.01788
0.04806
0.04967
0.06099
0.07315
0.07731
0.06024
0.04184
0.02922
0.03046
0.02786
0.04119
0.03381
-0.00258
-0.02704
-0.04369
-0.04155
-0.03445
-0.02425
-0.00596
-0.01302
-0.00749
-0.00944
-0.0256
-0.04019
-0.07045
-0.07828
-0.06543
-0.05417
-0.04384
-0.03221
-0.03045
-0.02505
-0.03016
-0.04487
-0.0256
0.02455
0.05206
0.07634
0.09917
0.1118
0.12217
0.10538
0.10725
0.13408
0.13641
0.11175
0.08456
0.06113
0.06343
0.08107
0.09389
0.06897
0.03297
0.01523
-0.00092
-0.01151
-0.02042
-0.03319
-0.05285
-0.04594
-0.02532
-0.01549
-0.03093
-0.03468
-0.04123
-0.03913
-0.02218
-0.00019
-0.00637
-0.0508
-0.06939
-0.07796
-0.07768
-0.06957
-0.05732
-0.03118
-0.02047
-0.02569
-0.02844
-0.00614
0.01783
0.03074
0.04513
0.07159
0.08437
0.09551
0.08391
0.05807
0.03404
0.00918
-0.0015
-0.01017
-0.00174
0.00063
0.01446
0.03568
0.0529
0.07495
0.05414
0.05102
0.04788
0.02885
0.03341
0.04337
0.04753
0.03827
0.03262
0.00895
-0.00674
0.0067
0.01699
-0.01166
-0.03142
-0.03709
-0.04581
-0.05401
-0.08107
-0.08876
-0.07359
-0.08288
-0.068
-0.03649
-0.01706
-0.00185
0.01257
0.03258
0.04808
0.06156
0.06606
0.08146
0.09681
0.11555
0.11881
0.12853
0.13058
0.10691
0.06612
0.02056
-0.00446
-0.04525
-0.07021
-0.08448
-0.07789
-0.05966
-0.04843
-0.03516
-0.0171
0.00502
-0.00575
-0.0085
-0.02149
-0.03591
-0.05259
-0.0674
-0.0602
-0.03737
0.00517
0.02968
0.02755
0.02109
-0.00353
-0.05509
-0.08403
-0.09045
-0.07638
-0.05869
-0.05665
-0.033
0.01026
0.00353
-0.01494
-0.01563
-0.01719
-0.01497
-0.00968
0.00675
-0.00423
0.00158
0.01091
0.03977
0.07244
0.06088
0.04057
0.01209
-0.01432
-0.02179
-0.02783
-0.01175
0.03311
0.06498
0.06544
0.03925
0.01689
0.01719
0.02545
0.02901
0.0481
0.05641
0.03948
0.04842
0.05395
0.04746
0.02133
0.00115
-0.00176
0.01112
0.03775
0.06073
0.07441
0.08132
0.12654
0.13017
0.09353
0.06621
0.04716
0.03624
0.0162
-0.00965
-0.02668
-0.03284
-0.03361
-0.03132
-0.03134
-0.0237
-0.0286
-0.04537
-0.05319
-0.06253
-0.0609
-0.04521
-0.03902
-0.04836
-0.04425
-0.01732
-0.00866
-0.01553
-0.04534
-0.06723
-0.07393
-0.08175
-0.06859
-0.07885
-0.071
-0.07568
-0.09026
-0.10218
-0.09405
-0.07569
-0.0623
-0.03571
-0.05011
-0.06248
-0.05986
-0.04057
-0.03085
-0.02882
-0.03884
-0.02567
0.00333
0.01672
0.03722
0.04141
0.07795
0.10533
0.09431
0.05589
0.01663
0.00507
0.0135
0.01802
-0.00672
-0.04128
-0.06669
-0.05746
-0.02255
0.01118
0.02695
0.01991
0.00416
-0.00341
-0.00547
-0.00289
0.02486
0.03974
0.04472
0.04802
0.00119
-0.00664
0.0173
0.03544
0.04988
0.04731
0.042
0.02284
0.02534
0.01853
-0.00549
-0.02033
-0.03821
-0.02655
-0.00712
-0.00926
-0.03099
-0.03226
-0.03345
-0.05155
-0.04129
-0.04584
-0.03461
-0.02261
-0.02148
-0.02364
-0.01972
-0.01533
-0.02159
-0.0288
-0.04536
-0.03532
-0.02653
-0.03862
-0.05602
-0.05011
-0.02231
-0.00475
-0.0113
-0.02639
-0.01439
0.00586
0.02911
0.03883
0.01441
0.01342
0.04228
0.06683
0.08326
0.07529
0.0505
0.03728
0.01183
-0.01288
-0.02951
-0.04719
-0.02584
0.0056
0.01281
0.01535
0.0086
0.00173
0.0297
0.04858
0.06922
0.07639
0.08112
0.06805
0.02803
0.0464
0.05059
0.06665
0.07698
0.06289
0.05641
0.01052
-0.01332
-0.04122
-0.05431
-0.06052
-0.08556
-0.0742
-0.06318
-0.04811
-0.01597
0.01583
0.03745
0.03667
0.02332
0.00169
-0.00051
-0.01011
-0.01639
-0.01576
-0.02616
-0.01694
-0.0168
-0.0086
0.00581
0.02221
0.02928
0.03765
0.03417
-0.00098
-0.03464
-0.07336
-0.06713
-0.05181
-0.04361
-0.02939
-0.02327
-0.0114
-0.00087
0.01068
0.00696
0.01864
0.02091
-0.00123
0.00225
-0.00788
-0.00994
-0.01567
-0.00921
0.00322
-0.00014
-0.01094
-0.03614
-0.03237
-0.03889
-0.03489
-0.0203
0.00195
0.01329
0.01472
0.04477
0.0499
0.04289
0.04785
0.05314
0.06319
0.05024
0.04577
0.04336
0.02851
0.00939
-0.00775
-0.01442
-0.02734
-0.00235
0.01639
0.01082
0.00924
0.01329
0.02908
0.02562
0.01163
0.01424
0.02869
0.04636
0.02489
0.022
0.03949
0.03668
0.02329
-0.00169
-0.01148
-0.01831
-0.02923
-0.0369
-0.02104
-0.01588
-0.00373
0.02035
0.0201
0.01764
0.00318
0.01288
0.02313
0.02568
0.03006
0.00627
0.02407
0.00838
-0.00372
-0.00507
-0.01788
-0.02149
-0.03094
-0.00873
0.00483
0.00019
-0.00256
0.00042
-0.00123
0.00001
-0.00238
0.01228
0.03156
0.04679
0.04458
0.02342
0.03169
0.04133
0.03466
0.02598
0.01084
0.00321
-0.00812
-0.01436
-0.03457
-0.03871
-0.05964
-0.07655
-0.06003
-0.03839
-0.01797
-0.01952
-0.02135
-0.03111
-0.04021
-0.04442
-0.02539
-0.02288
-0.01492
-0.00945
-0.02474
-0.03444
-0.03551
-0.0414
-0.04295
-0.02722
0.01488
0.02273
-0.01667
-0.0136
-0.02252
-0.03794
-0.01335
0.01655
0.01264
0.02095
0.00881
-0.01556
-0.02305
-0.03343
-0.01491
0.00446
0.01693
0.03356
0.02602
0.01175
0.00645
0.01948
0.0454
0.04626
0.03717
0.05412
0.0653
0.05302
0.03082
0.01329
-0.0137
-0.01745
-0.00781
-0.01856
-0.01678
-0.02453
-0.03642
-0.0412
-0.04262
-0.03706
-0.02612
-0.01275
0.01774
0.02632
0.01839
0.00991
-0.00816
-0.03391
-0.05315
-0.0614
-0.03233
0.00766
0.02537
0.01433
0.01145
0.00848
0.01641
0.03869
0.0438
0.04782
0.04273
0.03757
0.01293
0.01385
-0.00324
-0.02313
-0.02258
-0.03354
-0.02187
-0.01335
-0.00734
0.00008
-0.00283
-0.01422
-0.00968
0.01898
0.04252
0.0485
0.04427
0.03618
0.04258
0.03644
0.01659
0.00903
0.00529
-0.00452
-0.01961
-0.0272
-0.01543
-0.0086
-0.02336
-0.0433
-0.02858
0.00855
-0.01507
-0.01321
-0.00935
-0.00189
0.01456
0.02443
0.05167
0.04589
0.03826
0.03582
0.02182
0.01033
0.00514
-0.00418
-0.01715
-0.01788
-0.03247
-0.04222
-0.05999
-0.0774
-0.08042
-0.07278
-0.06079
-0.05649
-0.04412
-0.05198
-0.04342
-0.03576
-0.0219
-0.00572
0.00765
0.01395
0.01689
0.01317
0.00741
0.00641
0.00543
0.00955
0.02514
0.03681
0.03605
0.05314
0.06707
0.06642
0.05417
0.03608
0.02571
0.01371
0.00924
0.01472
0.03451
0.05561
0.06909
0.0849
0.07237
0.05484
0.05017
0.0318
0.01349
0.00538
-0.00984
-0.01845
-0.01823
-0.01787
-0.00364
0.01083
0.03192
0.03734
0.0198
0.01006
0.00646
0.00924
0.00609
0.00376
0.00008
-0.01294
-0.01083
-0.01715
-0.01829
-0.01715
-0.04181
-0.04446
-0.04585
-0.04688
-0.06181
-0.05977
-0.04376
-0.05125
-0.05204
-0.04389
-0.03373
-0.00907
0.01649
-0.01472
-0.06338
-0.07764
-0.04443
-0.0088
0.01673
0.0173
0.00965
0.03309
0.0503
0.03552
0.00892
-0.00012
0.0036
0.01695
0.03145
0.00315
-0.01455
0.00893
0.0134
0.01058
0.01571
0.01091
0.00644
-0.00064
-0.01144
-0.01031
-0.01424
-0.01083
-0.01007
-0.00587
-0.00649
-0.01715
-0.00664
0.00732
0.04687
0.04867
0.03591
0.04069
0.02565
0.02737
0.00595
-0.02746
-0.0581
-0.06068
-0.05121
-0.04529
-0.03261
-0.01252
-0.01356
-0.00637
0.01032
0.00375
0.02107
0.02504
0.02244
0.02879
0.04025
0.04881
0.00624
-0.01681
-0.02631
-0.03599
-0.00539
0.02043
0.03096
0.03616
0.03563
0.01309
-0.00366
-0.02335
-0.02989
-0.01628
-0.02244
-0.02542
-0.02417
-0.0139
-0.01126
-0.01609
-0.0173
-0.01196
-0.01657
-0.02056
-0.0053
-0.01656
-0.01334
-0.01893
-0.04079
-0.04794
-0.05704
-0.04748
-0.03119
-0.03597
-0.03978
-0.04251
-0.01607
-0.01537
-0.02161
-0.00754
0.00876
0.03387
0.0496
0.04865
0.03808
0.0091
0.00012
-0.00564
-0.01256
-0.01167
-0.01977
0.00794
0.01581
0.01371
-0.00749
-0.0225
-0.02495
-0.04565
-0.06176
-0.06014
-0.04851
-0.02602
-0.00118
0.00925
-0.00924
0.00473
0.0093
-0.01244
-0.00734
0.02665
0.02505
0.01665
0.00166
-0.01362
0.01442
0.01901
0.01851
0.02032
0.03414
0.04449
0.04277
0.02951
0.0215
0.02365
0.01156
0.02508
0.04404
0.04527
0.03585
0.0113
0.00359
0.01908
0.03192
0.02296
-0.00038
-0.02614
-0.01299
-0.00234
-0.03177
-0.00945
-0.00399
0.0016
0.0272
0.03322
0.04146
0.04018
0.04127
0.0333
0.04481
0.01762
0.03132
0.02914
0.01461
0.02023
0.01532
0.00086
-0.01869
-0.01394
-0.03079
-0.01945
-0.02344
-0.02359
-0.00698
0.00637
0.01693
0.00341
-0.00678
0.00225
-0.00897
-0.00824
0.00996
0.01532
-0.01192
-0.01431
-0.03829
-0.02974
-0.00033
0.01179
0.0356
0.00126
-0.03018
-0.04182
-0.03652
-0.02088
0.00868
0.01721
0.02219
0.00192
-0.02484
-0.01563
-0.00257
-0.00301
-0.01224
-0.02579
-0.00638
-0.00292
0.00078
0.00481
-0.02316
-0.01142
-0.01553
-0.0025
0.00516
0.01411
0.01081
-0.03962
-0.02523
0.0112
0.03143
0.03459
0.03465
0.05424
0.05504
0.04096
0.04207
0.0397
0.03259
0.02526
0.00234
0.00231
-0.03161
-0.04556
-0.02789
-0.00287
0.00451
-0.00181
0.00089
-0.01842
-0.02306
-0.02517
-0.00988
0.01921
0.02819
0.00838
-0.01127
-0.04199
-0.07232
-0.10691
-0.15927
-0.11439
-0.00669
0.12077
0.22935
0.24555
0.21432
0.18299
0.15375
0.06654
-0.02744
-0.11112
-0.15413
-0.14421
-0.10665
-0.02082
0.03586
0.06256
0.04359
0.03062
0.0255
0.01195
-0.01314
-0.05017
-0.07628
-0.06303
-0.00341
0.04757
0.10354
0.13384
0.15297
0.16603
0.1436
0.05784
-0.03781
-0.08819
-0.11449
-0.12432
-0.09809
-0.0606
-0.03459
-0.00242
0.02172
0.03576
0.03539
0.00746
-0.04301
-0.08354
-0.07665
-0.06706
-0.04565
-0.00572
0.03594
0.03981
-0.01898
-0.06487
-0.06874
-0.05491
-0.02129
-0.02445
-0.05206
-0.05907
-0.0522
-0.04214
-0.0402
-0.03271
-0.03132
-0.03395
-0.05837
-0.05848
-0.04371
-0.06059
-0.07439
-0.05953
-0.02897
-0.01584
0.01788
0.02138
0.02313
0.03258
0.04899
0.06054
0.04023
0.04031
0.01302
0.00909
-0.00328
0.00756
0.04526
0.0515
0.05405
0.03143
0.02023
0.02411
0.01889
0.01825
-0.01273
-0.03258
0.00637
0.02554
0.0236
0.02238
0.00906
-0.00062
-0.00678
0.00077
0.00818
0.01977
0.0149
0.00729
-0.00461
-0.00566
-0.0256
-0.02873
-0.02823
-0.01502
0.001
0.00983
0.02079
0.03091
0.03981
0.05341
0.0424
0.02141
0.00046
-0.05015
-0.03705
-0.03088
-0.03587
-0.04509
-0.05316
-0.03522
-0.02671
-0.00214
0.02976
0.03609
0.02221
0.00047
0.00445
-0.00806
-0.0301
-0.02577
-0.03421
-0.01841
-0.02335
-0.00486
0.01082
-0.00697
0
-0.00084
-0.01698
-0.02015
-0.02101
-0.0024
0.01758
0.00825
0.02062
0.01893
0.03378
0.02858
0.02563
0.0249
0.02501
0.03704
0.04117
0.04699
0.04626
0.04234
0.05398
0.04493
0.02306
0.01023
0.01449
0.03099
0.0265
0.02804
0.02713
0.03143
0.0375
0.02303
0.01649
0.02282
0.00879
-0.00681
-0.01838
-0.01291
-0.01281
-0.02312
-0.02669
-0.03623
-0.04096
-0.03658
-0.04084
-0.06265
-0.08095
-0.07488
-0.04692
-0.02234
-0.02679
-0.01709
0.00494
0.02668
0.03251
-0.00134
-0.02622
-0.03311
-0.00877
0.00191
0.0073
-0.00809
-0.02279
-0.02829
-0.03379
-0.03944
-0.05118
-0.02514
0.00117
0.00323
0.00006
0.00447
0.00537
0.00682
-0.00123
0.02122
0.05171
0.0474
0.02671
0.02181
0.01721
-0.00255
-0.01527
-0.02631
-0.03537
-0.01547
-0.00657
-0.0199
-0.02451
-0.01247
-0.01302
-0.01882
-0.01739
-0.00584
0.0042
0.00792
0.02972
0.02701
0.02825
0.01782
0.01932
0.03208
0.00978
0.00416
0.01901
0.01212
0.00023
-0.00316
0.00607
0.01333
-0.00085
-0.01271
-0.02588
-0.03994
-0.03897
-0.00174
0.00142
0.00571
0.00499
0.00388
0.01767
0.01338
-0.00522
-0.02278
-0.02657
-0.01953
-0.0052
-0.00791
0.00912
0.00246
0.0052
0.02322
0.01703
0.02699
0.02554
0.01643
-0.00319
-0.00744
-0.00248
0.00044
0.00001
0.0053
-0.00382
0.00595
0.02539
0.0178
0.02267
0.02497
0.04925
0.0349
0.01447
0.00366
-0.01355
-0.00488
0.00535
-0.00113
-0.02769
-0.04014
-0.03743
-0.00597
0.01374
0.01057
0.02302
0.02855
0.03039
0.03023
0.02835
0.00646
0.00649
-0.0025
-0.00966
0.00033
-0.01428
-0.0056
0.00321
0.00434
-0.00957
-0.04128
-0.04001
-0.03437
-0.00861
0.01139
0.01039
0.01048
-0.00666
-0.01108
0.00484
0.0044
-0.00619
0.00182
0.00079
-0.00377
0.0085
-0.0091
-0.01032
-0.01088
-0.0043
-0.00558
0.00107
0.00601
-0.00553
0.0094
0.00796
0.03241
0.03679
0.02105
0.01078
-0.0102
-0.01034
-0.00808
-0.02482
-0.01143
-0.01302
-0.00819
-0.00191
-0.00581
-0.01245
-0.02732
-0.05424
-0.04598
-0.01799
-0.02232
-0.01673
-0.00075
-0.00695
-0.00954
-0.01073
-0.02326
-0.01404
-0.0101
-0.01058
-0.0258
-0.03456
-0.02066
-0.01431
-0.02423
-0.03223
-0.02872
-0.02432
-0.02927
-0.01337
-0.0146
-0.02511
-0.02672
-0.0509
-0.03585
0.04608
0.09101
0.11657
0.10775
0.06521
0.03375
0.00892
0.04504
0.06884
0.0446
0.0045
-0.00633
0.00536
0.03732
0.03313
0.02971
0.02875
0.02983
0.01766
-0.01746
-0.04115
-0.05402
-0.04491
-0.0059
0.04799
0.05746
0.0564
0.0493
0.05492
0.05321
0.04105
0.02625
0.01117
0.01427
0.00703
0.01206
0.02489
0.04281
0.05751
0.06239
0.04226
0.01133
0.01982
0.01107
0.00824
-0.00587
-0.0093
-0.00212
0.01692
0.02019
0.01365
0.0111
0.01218
0.02586
0.01555
0.01911
0.01125
0.014
0.0247
0.02147
0.00697
-0.01821
-0.0193
-0.02274
-0.02146
0.01121
0.03701
0.03977
0.01801
-0.01703
-0.03565
-0.01069
0.01238
0.01461
0.00788
0.01219
0.00418
-0.01537
-0.03096
-0.02051
-0.02201
-0.02544
-0.02903
-0.03606
-0.03611
-0.03861
-0.0353
-0.04107
-0.026
-0.0297
-0.03043
-0.02504
-0.01451
-0.02935
-0.02128
-0.00758
-0.01044
-0.01137
-0.04237
-0.04329
-0.03103
-0.02327
-0.0065
0.002
0.00731
0.01707
-0.00894
-0.00942
-0.00636
-0.00509
0.01209
0.00318
-0.00142
0.00088
-0.00048
0.00513
0.00979
0.00674
0.00878
-0.00064
-0.00993
-0.01273
-0.0048
-0.00695
0.00401
-0.0083
-0.02854
-0.03932
-0.03534
-0.02915
-0.03531
-0.03262
-0.04258
-0.03325
-0.03853
-0.02297
-0.00784
0.01047
0.02926
0.02383
0.02819
0.02886
0.03155
0.02011
0.01594
0.02842
0.01425
0.00093
-0.01018
-0.01129
0.0022
0.01364
0.02051
0.03077
0.03217
